,nose,chest,rightShoulder,rightElbow,rightHand,leftShoulder,leftElbow,leftHand,hip,rightLeg,rightKnee,rightAnkle,leftLeg,leftKnee,leftAnkle,rightEye,leftEye,rightEar,leftEar,rightFoot,rightTip,rightHeel,leftFoot,leftTip,leftHeel
0,281.84998,285.60342,244.3272,228.07614,218.11209,326.91623,345.6328,336.8911,284.32608,255.64217,220.08067,234.35085,308.13568,333.11856,319.36484,270.596,290.62195,255.6611,305.62848,0,0,0,225.58704,223.08,0
1,111.774704,156.85968,156.84407,184.30345,208.06612,158.06912,200.59355,194.28961,270.59012,266.85675,330.12265,418.63388,273.10474,343.14545,426.8844,104.25319,103.00831,111.814545,106.79143,0,0,0,346.89432,351.85455,0
2,281.86972,285.60553,244.31262,226.85905,218.08032,328.12512,345.6279,338.1483,284.38727,258.10553,220.08028,234.32056,309.37152,333.1216,0,270.60623,291.82913,256.82773,305.64056,0,0,0,225.57185,0,0
3,111.7838,158.06064,156.85242,185.57446,214.31496,159.2922,201.56389,193.06828,268.12466,265.63354,330.12143,419.38434,273.07318,343.1133,0,104.251625,103.00593,112.999054,106.79975,0,0,0,346.90536,0,0
4,281.85608,285.55966,243.09512,225.62987,216.87282,326.88647,345.62387,338.16208,284.37604,258.09924,220.08067,235.57648,309.36316,333.1095,0,270.60333,291.8491,256.83746,305.6713,0,0,0,226.85197,224.31027,245.59898
5,112.998505,158.04813,158.05095,191.8207,216.87907,156.85577,201.38136,191.81802,268.09445,265.61172,330.12198,418.3716,271.84622,344.35873,0,104.26656,103.054276,113.00474,106.80748,0,0,0,349.37814,350.6052,345.66675
6,281.8535,284.40094,243.09467,225.62498,218.07819,325.64978,345.6506,339.37637,285.56903,259.3511,220.55739,229.3363,310.61032,330.6405,0,270.60742,291.84024,256.84637,305.66907,0,0,0,225.57654,0,0
7,112.99398,156.8432,158.05128,193.04811,215.62598,156.8178,202.30339,189.3449,269.33932,266.84183,330.09674,417.63306,271.8669,344.40228,0,104.27013,103.06154,112.99487,106.803604,0,0,0,346.90204,0,0
8,281.8741,284.36035,243.05429,225.62112,216.84714,325.6241,345.64777,340.6135,284.37787,258.12064,220.54642,229.3516,308.1431,330.64053,0,271.82236,291.85858,256.83633,305.66754,0,0,0,225.56743,0,0
9,111.794586,156.80003,158.04227,194.30185,218.11493,155.60387,202.856,186.84149,268.09378,265.6374,330.11185,417.3625,270.6175,344.39325,0,104.264694,103.04865,112.993484,106.834305,0,0,0,345.65155,0,0
10,283.0749,284.39078,243.07536,225.58296,216.82394,325.65762,345.64273,339.38162,284.36957,258.107,220.29085,228.08348,308.14334,331.87524,0,271.8653,291.86972,256.85684,305.6757,0,0,0,224.35512,0,0
11,113.00331,156.79976,156.85165,194.37355,221.85571,155.59413,203.56113,185.5785,266.8875,265.6308,330.1299,417.1396,270.6094,343.1367,0,104.274,103.0562,111.79034,106.8024,0,0,0,345.62067,0,0
12,283.118,284.38928,243.0557,225.57552,216.86111,325.64285,345.63354,339.38562,285.60663,260.61603,220.29721,225.6057,311.86868,333.1316,0,273.0761,293.09134,256.8655,305.6683,0,0,0,224.348,0,0
13,113.01129,156.7972,158.0541,195.61563,220.57053,155.55653,202.83911,184.26697,266.8405,265.61526,331.84995,416.87598,268.09137,346.87195,0,104.29391,104.21748,111.80758,106.81515,0,0,0,345.6391,0,0
14,284.29163,284.3959,243.07527,225.60286,216.86026,325.666,345.64273,339.3747,284.401,258.1099,220.07256,224.33177,310.62488,334.38544,0,273.08374,293.1168,256.8909,305.68155,0,0,0,224.3714,0,0
15,113.00861,155.62123,158.06499,195.61453,220.5926,155.52303,202.5649,183.05331,266.83865,265.6091,331.11282,416.67897,268.0984,346.1273,0,104.28878,103.06004,111.78688,106.82015,0,0,0,346.88635,0,0
16,284.29602,284.3851,241.82594,225.55121,216.83862,325.67102,345.6312,340.6424,285.64175,260.61172,220.33612,223.09544,313.132,335.62762,0,273.10837,293.12445,258.09988,305.692,0,0,0,224.34932,0,0
17,113.03062,155.62817,159.31465,198.0947,224.31918,154.35165,204.33438,180.55957,265.63522,265.59125,331.35498,416.3939,266.85156,346.1378,0,104.30068,104.231834,111.783356,106.79507,0,0,0,346.88602,0,0
18,284.3544,284.35165,240.60109,225.56792,216.87392,325.58322,345.61694,340.64743,285.66687,261.84256,220.07574,224.33984,314.33356,334.38617,0,274.32285,294.33176,258.09842,306.8519,0,0,0,224.36455,0,0
19,113.03032,155.62619,160.54817,198.09222,224.32338,154.33223,201.80629,178.06075,265.61304,265.56573,331.84946,416.11627,265.6416,346.37982,0,104.28922,104.24416,110.52836,106.80771,0,0,0,348.1333,0,0
20,284.3697,284.3575,241.81741,225.55177,216.866,325.5982,344.43933,341.85815,285.66913,260.5886,220.08273,224.35243,314.36093,334.38312,0,274.3156,294.34067,258.1271,306.87137,0,0,0,224.34544,0,0
21,113.022064,155.62573,160.5464,199.32608,224.33633,154.32878,208.07082,178.05746,264.3612,264.32654,332.37115,416.0706,264.37436,345.61414,0,104.291245,104.22407,110.56489,106.777824,0,0,0,348.14612,0,0
22,284.3643,284.37466,240.60698,224.38496,218.09299,325.63666,344.43198,340.6525,285.6682,260.61322,220.0799,224.32658,314.3548,332.88235,319.36484,274.31552,294.35318,259.32944,306.9005,0,0,0,224.34,0,0
23,113.047676,156.79782,160.56499,199.34421,224.3359,154.34187,205.5945,176.8583,264.31595,263.11792,332.4107,417.2446,264.33194,345.39764,426.8844,104.28299,104.24703,110.56034,106.81614,0,0,0,348.1268,0,0
24,284.39243,284.34784,240.5778,224.32932,219.35771,325.6391,344.41614,341.8789,285.627,259.34695,220.32228,224.3563,313.1374,332.8809,313.12103,274.37476,294.36945,259.34543,308.11096,0,0,0,225.54874,0,0
25,112.99805,156.81467,160.58363,200.30367,223.0852,154.35872,205.53925,175.6047,264.34253,264.32672,332.6984,407.636,264.3551,345.39337,428.12485,104.271515,104.231155,110.5617,106.811134,0,0,0,349.3766,0,0
26,284.40695,284.3659,241.82037,225.54114,220.56267,325.6301,344.41473,340.6347,286.8516,263.07626,220.58054,226.84302,313.13754,331.8904,323.1281,274.39105,294.38474,259.36398,308.1337,0,0,0,225.57014,0,0
27,112.99986,156.84834,160.56734,198.0953,220.58853,155.55502,204.36679,178.07538,264.3496,264.33145,332.6313,418.3874,264.36368,345.38815,428.13312,104.27101,104.23115,111.767494,106.83417,0,0,0,349.3821,0,0
28,284.38168,284.35995,240.58032,224.34892,221.84029,325.65396,344.41873,341.8635,284.393,258.09268,220.05989,224.36096,309.378,331.6539,0,274.37296,294.36252,259.3498,308.1336,0,0,0,224.36804,0,0
29,112.997795,158.06671,161.78027,200.57051,218.08992,155.59473,204.33409,184.29451,264.38632,264.35928,332.8654,418.52076,265.58334,345.35986,0,104.27397,104.24099,110.54572,106.83938,0,0,0,349.37878,0,0
30,284.38644,284.32867,239.36017,224.37161,221.85574,325.6216,344.41266,341.88776,284.35965,256.87408,220.06596,225.60907,308.1348,331.1226,0,274.3722,294.37662,259.3505,308.1389,0,0,0,224.36548,0,0
31,113.005714,158.07227,161.78244,199.3134,216.86122,155.59117,204.32062,184.34119,265.64084,265.61343,333.37354,418.83312,266.86136,344.374,0,104.27735,104.23746,110.525024,106.84116,0,0,0,348.13306,0,0
32,284.4061,284.32675,238.11208,224.3137,224.33868,325.6348,344.42224,339.38055,284.30176,255.60512,225.60182,0,308.11563,331.1012,0,274.3788,294.3964,259.36765,308.1436,0,0,0,0,0,0
33,112.99895,160.5675,161.7965,203.0938,219.32037,158.06805,204.31694,186.82549,271.8397,270.59442,333.62338,0,271.87036,346.87845,0,104.28146,104.24368,110.542145,108.049355,0,0,0,0,0,0
34,284.39856,284.3411,238.10333,224.28996,225.5508,325.6564,344.3774,341.88696,284.327,255.61049,225.6099,0,309.37347,331.34726,0,274.37173,294.3899,259.37625,309.35187,0,0,0,0,0,0
35,111.77753,163.04512,161.81157,205.59026,219.32944,163.04088,204.3554,185.60822,274.33615,274.33267,333.61624,0,274.34167,345.62204,0,104.25744,104.221825,110.551605,108.05923,0,0,0,0,0,0
36,284.40677,284.33594,238.09706,216.86404,0,325.6821,344.42554,338.12326,283.12582,255.58286,225.61809,0,309.35626,331.12582,0,274.3755,294.39972,260.59503,309.36078,0,0,0,0,0,0
37,111.78433,163.05049,163.02429,206.83286,0,163.04279,204.37254,194.33176,276.86017,276.86176,332.63248,0,276.8706,346.88165,0,104.255905,104.21911,110.56599,108.07168,0,0,0,0,0,0
38,284.4055,284.3202,238.11377,221.82684,223.07114,325.6059,344.4104,336.92624,283.08102,254.35239,225.6297,0,308.1389,330.88593,0,274.37302,294.41675,260.59732,309.37778,0,0,0,0,0,0
39,111.78958,163.08739,163.03636,206.83116,216.8159,164.25185,204.29463,194.31801,276.8834,276.87274,332.4446,0,278.10406,344.40033,0,104.25389,104.22792,111.77972,110.519646,0,0,0,0,0,0
40,284.39282,284.34198,238.12149,214.37398,0,325.64984,345.5917,336.90353,283.125,255.56555,225.58023,0,308.1454,330.5833,0,274.36392,294.4036,260.58823,309.36685,0,0,0,0,0,0
41,111.77029,163.07025,163.05301,206.84506,0,163.05849,204.34404,196.85455,276.84372,275.62927,332.26902,0,276.8592,345.65683,0,104.2394,103.06431,111.77671,109.306,0,0,0,0,0,0
42,284.37814,284.33182,238.12343,213.09055,223.07323,325.6698,345.6005,336.9032,284.33368,255.59764,225.59966,0,309.37808,330.33254,0,274.35394,294.39105,260.59674,309.3676,0,0,0,0,0,0
43,111.76992,163.0455,163.0617,208.0786,215.60304,163.02573,204.36256,196.823,275.59497,274.38486,344.3933,0,275.6091,344.41064,0,104.23988,103.060905,111.78158,109.28416,0,0,0,0,0,0
44,284.3694,284.31656,239.34477,213.07492,223.0452,324.393,334.39572,336.917,283.12485,254.3792,225.5947,0,309.36844,330.34338,0,274.3408,294.38773,260.5819,309.36896,0,0,0,0,0,0
45,110.56366,161.83363,163.05414,209.35901,215.6285,160.54684,204.36256,185.61877,275.6001,274.3706,344.39868,0,275.6131,344.40805,0,104.23615,103.0439,111.77897,109.28082,0,0,0,0,0,0
46,284.3576,284.3566,239.36812,213.03052,221.83212,325.61438,334.35086,336.88016,283.0969,254.34042,225.585,0,309.36185,331.1454,0,274.33032,294.37314,259.3758,309.36224,0,0,0,0,0,0
47,110.54719,163.02158,163.04176,209.3615,214.31099,160.55408,204.86256,186.84286,275.58044,274.33365,344.38315,0,275.61456,344.41122,0,104.225105,103.028,111.775505,108.04549,0,0,0,0,0,0
48,284.33984,284.30817,239.33612,211.82573,221.83089,324.4018,334.3302,336.87604,281.86575,254.31538,225.58084,0,308.1213,331.4014,0,274.31113,294.36588,259.36618,309.36163,0,0,0,0,0,0
49,110.547966,163.04813,163.04176,208.10114,213.05226,160.56856,205.36256,188.09622,275.5956,274.3593,344.35858,0,275.6173,344.3691,0,104.223785,103.02809,111.78463,108.05681,0,0,0,0,0,0
50,284.33884,284.31064,239.34825,211.8085,219.35678,324.3909,334.32806,336.87732,281.8579,254.3108,225.59103,0,308.1164,332.39676,0,274.3059,294.3604,259.36703,309.35077,0,0,0,0,0,0
51,110.560196,163.06073,163.02931,206.868,206.81175,161.81345,205.86256,193.07094,275.62683,274.38214,345.60666,0,276.85687,345.62134,0,104.228905,103.02702,111.781746,108.02952,0,0,0,0,0,0
52,284.36252,284.34592,240.60802,210.58575,220.5907,325.6258,334.3912,336.87103,283.11966,254.35794,225.5917,0,309.38104,333.59756,0,274.3206,294.38443,259.36642,309.36053,0,0,0,0,0,0
53,111.76669,163.078,163.0197,206.82626,203.07745,163.05066,206.36256,199.31783,275.62796,275.5989,345.62305,0,276.85757,343.1373,0,104.24222,103.03579,111.784966,106.84002,0,0,0,0,0,0
54,284.3621,284.37103,241.83774,210.57544,220.59744,325.6272,334.4184,336.90503,284.3732,255.61089,225.5784,0,311.86032,333.6008,0,274.31863,294.37195,259.35526,308.14957,0,0,0,0,0,0
55,111.779655,163.07387,163.02371,205.62135,198.09682,163.04352,206.86256,201.84319,275.608,275.58667,344.38718,0,275.63528,343.11325,0,104.24302,103.04144,111.79016,106.83099,0,0,0,0,0,0
56,284.36154,285.57028,243.08499,209.31041,223.06253,326.88574,335.62616,336.8622,284.36948,255.62238,225.60742,0,310.63718,333.6128,0,274.32422,294.3675,259.35635,309.36276,0,0,0,0,0,0
57,110.53129,163.0867,163.0187,204.35808,195.62718,164.26978,207.36256,209.3521,275.59006,274.35294,344.416,0,275.63123,344.3517,0,104.22559,103.0073,111.77556,106.840164,0,0,0,0,0,0
58,284.3513,284.37326,240.6105,208.06563,223.0685,326.87473,335.60208,336.8764,285.57755,256.83807,225.58997,0,313.08932,333.61932,0,274.31677,294.364,259.3503,309.36447,0,0,0,0,0,0
59,110.54619,164.27895,163.085,204.29657,195.5541,164.26527,207.86256,208.06407,274.36343,274.33643,344.37955,0,275.5845,343.10318,0,104.226135,103.02021,111.767815,108.03405,0,0,0,0,0,0
60,284.34766,284.362,241.85043,206.87895,223.08653,325.66562,335.60855,336.88525,284.38562,255.6187,225.61798,0,311.85773,333.11917,0,274.3251,294.37152,259.33694,308.11008,0,0,0,0,0,0
61,111.79101,164.2583,163.05045,201.85432,193.06526,163.0834,208.36256,213.04865,274.34393,274.34055,344.37628,0,274.3403,344.65143,0,104.23884,103.05866,110.55419,108.04463,0,0,0,0,0,0
62,284.36255,285.5737,244.29771,206.88069,220.59982,326.8778,335.68347,336.87354,284.4024,255.6455,225.60258,0,310.63583,333.13596,0,274.3298,294.37082,259.34186,308.10013,0,0,0,0,0,0
63,110.5305,163.0445,161.79614,198.10756,188.10027,163.06302,208.86256,214.36244,271.8692,271.86423,344.37915,0,273.0844,344.64453,0,103.039276,102.99766,110.54924,108.02957,0,0,0,0,0,0
64,284.3543,285.58377,244.31485,206.83759,220.57817,326.8957,335.69183,336.8585,281.86847,254.3588,225.61633,0,306.89474,333.15912,0,274.32584,294.35553,259.35458,306.91177,0,0,0,0,0,0
65,109.299515,163.04066,160.5542,196.86421,185.62024,164.2661,209.36256,216.86949,273.11594,271.86722,344.40884,0,274.33252,344.6343,0,103.026825,101.790405,111.76544,106.84177,0,0,0,0,0,0
66,284.36124,285.62787,244.35307,206.82562,220.56342,328.11996,335.68912,335.6817,284.34436,255.61406,225.61264,0,309.38907,333.12955,0,274.32904,294.3618,259.35147,308.1002,0,0,0,0,0,0
67,109.30485,163.04639,160.5368,200.59673,184.32886,164.28949,209.86256,221.83195,271.84622,270.60883,344.37094,0,271.86475,344.61905,0,103.02386,101.7897,111.76079,106.837326,0,0,0,0,0,0
68,284.3372,285.58002,244.33731,202.8396,219.3454,326.9033,336.86276,336.87103,281.86087,254.35005,225.61613,0,308.1231,331.8809,0,274.3135,294.35187,259.33173,308.11597,0,0,0,0,0,0
69,110.524734,163.07733,160.57603,200.32509,183.05101,164.31058,210.36256,223.09288,271.85236,270.60712,344.37704,0,273.09018,344.57928,0,103.03258,101.80408,110.561874,108.03346,0,0,0,0,0,0
70,284.3328,285.5885,244.3063,196.83119,219.31966,328.1397,336.86002,335.67773,283.09833,255.56738,225.58571,0,308.122,333.13705,0,274.30682,294.3423,258.13223,308.1134,0,0,0,0,0,0
71,110.52919,163.07036,160.56535,193.06387,180.57913,164.31155,210.86256,225.54242,269.3422,266.88486,344.3723,0,270.6199,343.61157,0,103.032616,101.805016,110.56405,108.02633,0,0,0,0,0,0
72,284.3259,285.59094,244.3327,200.85828,218.07611,328.11182,336.8768,335.64496,283.1065,255.56305,225.61223,0,308.12396,330.6403,0,274.29367,294.33707,258.124,308.11398,0,0,0,0,0,0
73,110.527985,163.03859,160.54228,190.58725,179.33932,164.28333,210.86256,225.63171,268.1125,266.86856,344.37778,0,270.59384,343.60077,0,103.04097,101.79972,110.55797,106.83483,0,0,0,0,0,0
74,284.3203,285.63553,244.37851,204.07396,218.10039,328.1451,336.87936,335.65253,284.3048,255.58405,225.6186,0,308.1286,332.63284,0,274.28403,294.33197,258.11377,308.1171,0,0,0,0,0,0
75,110.52143,163.04105,159.3257,192.07132,179.31465,164.30185,211.36256,225.64581,266.88852,266.85196,344.3785,0,269.34598,343.5901,0,103.04914,101.800575,110.55485,106.84166,0,0,0,0,0,0
76,284.3218,286.84393,245.59573,209.3341,218.11201,329.3943,336.8707,335.65244,283.10083,255.58597,225.60292,0,306.89505,334.3744,0,273.1285,294.32452,258.10736,308.1173,0,0,0,0,0,0
77,109.31132,163.06165,159.30656,195.59004,178.07323,164.35164,211.83307,226.83832,269.35938,266.88293,344.36893,0,271.84802,341.87756,0,103.046326,101.79202,111.782326,106.82315,0,0,0,0,0,0
78,284.3216,286.87735,245.6054,210.59558,218.10695,330.61935,336.88107,335.6758,284.33365,256.83823,225.60887,0,306.90085,334.35135,0,274.2816,294.32642,258.11362,308.11243,0,0,0,0,0,0
79,109.299446,163.03368,158.07513,200.35329,178.06448,164.3416,212.36256,226.84238,270.6118,268.1079,344.38754,0,273.09937,341.88474,0,103.04517,101.79499,111.77427,106.81686,0,0,0,0,0,0
80,284.32608,285.66336,244.37277,211.84996,218.11752,330.63382,336.8735,335.68332,283.12265,255.62022,225.62888,0,306.87375,333.1251,0,274.28424,294.3285,258.1065,308.10196,0,0,0,0,0,0
81,109.31497,163.03746,158.06529,203.09874,179.30472,164.36435,212.86256,225.60199,269.3715,266.8774,345.65683,0,273.0806,341.87283,0,103.04938,101.80008,110.55208,106.810234,0,0,0,0,0,0
82,284.33575,285.67163,244.3727,213.07452,220.577,331.86176,336.92358,336.9084,283.1219,255.59048,223.33786,0,306.89767,334.38687,323.1281,274.29172,294.33435,258.10876,306.92163,0,0,0,0,0,0
83,110.52182,163.06194,158.07799,200.58795,181.8102,165.54185,210.36256,228.08614,270.62106,268.08984,343.3843,0,274.3184,342.38284,420.13312,103.057014,101.79848,110.54598,106.79065,0,0,0,0,0,0
84,284.3425,286.84225,244.35542,213.0555,220.566,331.8941,336.90378,336.86374,284.318,255.63016,221.8289,0,308.11148,333.11475,0,274.29395,294.33716,258.118,306.923,0,0,0,0,0,0
85,110.524254,163.04565,158.0735,196.87294,184.28845,165.51808,206.82265,225.58934,268.12115,266.83868,341.38565,0,271.85434,342.882,0,104.21755,101.79351,110.55269,106.78959,0,0,0,0,0,0
86,284.34915,288.1016,245.61375,214.29384,216.86546,331.87292,336.90207,335.67993,285.5724,258.0943,220.8226,0,311.85086,335.60596,0,274.29745,294.34567,258.1307,308.1202,0,0,0,0,0,0
87,109.31818,161.81473,156.83142,195.61636,184.3376,164.33714,205.54631,224.35089,268.11508,265.64594,340.3762,0,271.84283,342.6291,0,104.219315,101.791916,110.544235,106.78307,0,0,0,0,0,0
88,284.36633,290.63022,249.33333,215.63766,216.81892,331.86926,338.14194,336.91748,284.40173,258.11795,221.09421,0,309.36597,331.86017,0,274.316,294.35904,259.34225,308.15494,0,0,0,0,0,0
89,109.31767,161.80206,156.78784,195.52663,181.80063,164.34244,211.82588,228.08208,269.36734,266.84277,340.10403,0,273.10553,342.88168,0,104.22992,101.79623,110.55644,106.77637,0,0,0,0,0,0
90,284.3934,293.12234,254.39406,235.61366,225.57045,331.88544,338.15735,335.66977,285.61176,259.37024,221.82457,228.08409,311.86603,333.10995,0,274.33853,294.38452,259.34238,309.37125,0,0,0,224.31332,0,0
91,110.53092,159.32458,155.54803,198.06111,174.26096,164.30046,205.54771,219.35666,269.3536,265.6381,339.8656,418.1369,273.10495,343.3703,0,104.24598,102.993164,111.76292,106.79048,0,0,0,348.1325,0,0
92,284.4038,293.08356,254.35674,235.60167,225.62743,331.89145,341.8806,335.60947,284.3985,258.09146,222.83224,228.08498,310.60626,0,0,274.356,294.39697,259.35834,309.3708,0,0,0,0,0,0
93,110.537735,159.32098,155.53033,196.83215,174.29703,164.3127,208.54771,225.6294,269.37598,266.83542,339.08994,418.1175,274.31042,0,0,104.24486,103.00614,111.77066,106.79873,0,0,0,0,0,0
94,285.56052,291.86447,254.30435,235.6004,225.62903,331.87827,341.88577,335.61703,285.58368,259.3393,220.5887,235.60957,310.63367,0,0,274.37726,294.41168,259.35767,309.37018,0,0,0,0,0,246.84662
95,110.53082,160.54819,155.56221,198.06801,175.53726,164.32237,210.54771,228.0857,271.85242,266.87103,339.09576,418.12436,274.35184,0,0,104.241776,103.00819,111.77104,106.78476,0,0,0,0,0,344.40942
96,285.586,293.0942,254.33987,235.60988,225.58443,331.87897,343.0915,334.3727,284.38956,258.1076,220.54402,236.83876,309.35135,0,0,274.4043,295.56677,259.34616,309.36398,0,0,0,0,0,246.86157
97,110.53666,160.55098,155.54988,198.05327,175.61934,164.31834,211.54771,225.62369,270.6002,265.65424,340.12515,419.11737,274.33102,0,0,104.23881,103.020164,110.562065,106.774994,0,0,0,0,0,344.41327
98,285.60254,293.10397,254.312,235.62672,225.5426,331.88763,343.11935,335.59756,284.40704,258.11285,221.55327,236.85622,309.38196,0,0,274.41187,295.58203,259.35138,309.3646,0,0,0,0,0,246.85632
99,111.76447,160.54692,155.55026,191.82997,179.30159,164.30383,210.54771,224.33284,270.61017,266.84067,340.11646,418.88287,274.33115,0,0,104.255714,103.05224,110.56548,106.79835,0,0,0,0,0,344.40527
100,285.60806,293.06915,253.06102,235.60915,224.3168,331.88074,344.35446,335.65686,285.58444,258.12302,222.31021,235.61815,310.63278,0,0,275.553,295.58508,259.34485,309.36258,0,0,0,0,0,246.84157
101,110.566185,160.54115,155.57472,194.30017,184.28476,164.25093,209.54771,223.08269,269.36533,266.83688,340.3284,419.36267,273.1013,0,0,104.257195,103.0348,111.7815,106.79344,0,0,0,0,0,345.62265
102,285.60254,291.87244,250.60544,235.57968,223.10088,331.8807,344.3684,334.38733,284.3957,258.09705,223.34042,239.34622,309.3671,0,0,275.55283,295.5721,259.33197,308.15094,0,0,0,253.06848,0,248.11198
103,111.77806,160.55722,155.58704,195.58614,188.09734,164.26312,208.54771,215.60968,269.35553,265.63788,340.3385,419.38403,273.11313,0,0,104.26066,103.04788,111.78228,106.798164,0,0,0,345.61206,0,344.383
104,285.59686,291.8334,249.3528,234.38596,223.07268,331.86374,344.3371,335.6414,284.37393,256.86154,222.33305,238.10191,309.3623,331.86966,0,274.4103,295.56277,258.12878,308.14682,0,0,0,0,0,248.10548
105,111.766045,160.54321,155.6002,198.07248,194.31659,164.25223,206.81784,213.08803,268.12814,265.6189,340.3171,419.37888,273.09744,343.64368,0,104.26219,103.04816,111.78345,106.802605,0,0,0,0,0,344.39172
106,285.58057,288.1043,245.59503,231.84483,220.60255,331.8629,344.36737,335.6635,284.39948,256.88245,221.31436,245.58875,310.60983,334.3909,0,274.40488,294.41226,258.12515,308.11343,0,0,0,253.06445,0,251.84528
107,111.7771,160.57027,156.82219,195.5909,200.57123,163.0857,205.36157,205.62862,269.35925,265.648,340.312,419.885,273.11053,342.86295,0,104.25682,103.06034,111.7793,106.80973,0,0,0,345.62515,0,344.37567
108,285.55627,288.09177,245.60739,231.84671,221.82335,330.62292,344.37057,335.62952,284.39612,258.09702,220.07036,244.3364,310.60358,334.40582,0,274.38043,294.38742,258.1128,306.91318,0,0,0,251.83498,0,249.36905
109,111.780334,160.54959,156.81487,196.82387,201.81462,163.07375,205.10876,203.0482,268.10995,265.60114,340.33054,419.8909,273.08594,342.88373,0,104.27542,103.06035,111.786995,106.808205,0,0,0,345.64618,0,344.39713
110,284.41495,286.89032,245.56639,228.10953,219.35196,330.62885,344.4087,335.6654,284.38605,256.88397,220.811,245.58575,309.38773,335.6066,0,274.37885,294.37366,258.10495,306.87354,0,0,0,251.85622,0,253.08073
111,111.776794,159.32515,156.8345,194.28218,205.60608,163.03864,205.8878,198.09769,269.36243,265.64008,340.32108,419.87546,273.12195,342.89023,0,104.27471,103.05064,111.79112,106.792564,0,0,0,345.65463,0,344.3986
112,284.40442,285.67093,244.34753,226.88301,218.10747,330.6175,345.60178,335.6826,284.36142,256.87292,222.314,236.84488,308.14444,335.59357,0,274.37708,294.36603,258.09808,306.87247,0,0,0,0,0,248.08928
113,111.80212,159.33131,158.05435,195.62206,208.06819,161.82559,205.65115,195.56573,269.34323,265.63937,340.3298,419.6261,273.09253,342.62527,0,104.281815,104.2169,111.78272,106.80116,0,0,0,0,0,345.61136
114,284.4029,285.62085,244.30739,225.60815,216.8465,329.39325,345.61362,336.8762,284.34256,256.85986,221.07233,240.59294,308.1214,334.3997,0,274.37177,294.37283,258.09738,306.88156,0,0,0,251.82825,0,250.59209
115,111.80348,160.5446,158.08322,194.2925,215.56598,161.81282,205.58418,194.33585,269.36218,266.83658,340.34586,419.8744,273.11096,342.86334,0,104.28357,104.22174,111.79141,106.81253,0,0,0,345.65692,0,344.393
116,284.39444,285.59805,244.29002,225.54123,218.0814,329.36234,345.65155,336.88113,284.35193,258.0906,220.55727,236.82877,306.91147,333.10873,0,274.36957,294.3625,258.09586,306.8893,0,0,0,249.32945,0,246.8655
117,111.800446,160.56161,159.29301,195.5811,216.84708,161.81189,205.34121,194.274,266.8783,265.6054,340.34113,419.8714,270.61642,342.62695,0,104.28156,104.22182,111.79287,106.80845,0,0,0,346.8947,0,345.62308
118,284.39462,285.58093,244.29053,225.56766,216.86652,326.9075,345.69205,338.12088,284.40298,258.1166,220.07443,234.33223,309.3679,0,0,274.3702,294.35608,258.09512,306.88293,0,0,0,0,0,246.83554
119,111.80205,159.29558,158.08366,195.59915,221.81331,158.09097,205.29271,191.82704,268.08902,265.63504,340.12402,420.37256,270.6179,0,0,104.28235,104.22368,111.79064,106.80098,0,0,0,0,0,345.6449
120,284.38937,284.40442,243.07245,225.5419,216.88493,326.85956,346.86316,339.38208,284.3764,258.08258,219.08809,234.32903,309.3726,334.332,0,274.36536,294.34714,258.11807,306.8719,0,0,0,0,0,0
121,112.99948,158.0638,160.5406,199.30904,224.34015,156.79936,205.21183,186.80443,268.11044,266.84247,340.35764,420.12143,271.8394,343.1419,0,104.28909,104.23085,111.7995,106.77772,0,0,0,0,0,0
122,284.3735,284.3782,243.07106,225.57668,216.84921,325.62177,346.88754,339.37842,284.40378,259.34357,219.58005,234.35464,310.60764,334.3557,0,274.35342,294.33752,258.1078,306.87424,0,0,0,0,0,245.58603
123,113.012886,156.82117,159.30855,196.84453,223.09525,155.56224,205.1173,185.56145,266.88226,265.62207,340.32474,419.6372,270.60037,342.37747,0,104.300735,104.242805,111.795525,106.780495,0,0,0,0,0,346.8792
124,284.36078,284.37564,243.06956,225.53679,216.8495,325.60345,346.90036,339.3886,285.60526,259.36417,219.07635,235.5935,311.86926,334.3877,0,274.34406,294.3273,258.12515,306.8577,0,0,0,0,0,0
125,113.0103,156.81357,159.30838,198.06924,225.56358,155.53938,204.83206,184.29301,265.64993,265.5832,340.38086,419.3799,268.11172,342.63202,0,104.2973,104.24999,111.80306,106.78068,0,0,0,0,0,0
126,284.34592,284.374,241.85202,224.38127,216.82507,325.61627,346.88416,339.39838,285.64374,261.8508,219.57303,235.5799,311.8843,334.353,0,274.32706,294.31207,258.11,306.85446,0,0,0,0,0,245.61256
127,113.01566,156.80113,159.3203,199.34706,224.377,155.52156,204.91183,183.04439,265.5968,264.331,340.1039,418.88043,266.85526,342.62842,0,104.29488,104.2481,111.81243,106.791824,0,0,0,0,0,346.90536
128,284.34778,284.35928,241.81966,224.37045,216.84683,325.61575,346.90533,339.4014,286.84348,261.8657,219.32455,234.3461,313.12857,334.37558,0,274.3342,294.31387,258.11667,305.68973,0,0,0,0,0,0
129,113.00945,156.7997,160.55064,201.8209,224.35857,155.51328,204.9043,181.79703,265.60068,264.35403,340.10086,418.38577,266.83893,342.12347,0,104.302185,104.25484,111.78967,106.796455,0,0,0,0,0,0
130,284.34793,284.3522,241.8162,225.58244,218.06778,325.61713,346.8807,340.62656,285.64508,260.61807,220.3261,234.35219,313.1006,334.3693,0,274.3318,294.31183,258.1162,305.68805,0,0,0,0,0,245.58835
131,113.041145,156.78754,159.31683,200.55893,225.55855,155.51637,204.82185,179.3415,265.58926,264.36362,340.34805,417.62686,265.62903,342.12363,0,104.31918,104.26683,111.77859,106.78236,0,0,0,0,0,345.65857
132,284.35242,284.35858,241.83862,225.57036,220.56279,325.596,345.68344,341.89923,285.6044,259.35782,220.57584,235.59976,311.8582,333.13083,0,274.33316,294.3122,258.1268,305.69128,0,0,0,0,0,0
133,113.050095,155.62637,159.30629,204.32219,226.81789,154.35132,204.73139,178.08142,264.3263,263.08905,340.86957,416.37085,264.36014,341.37076,0,104.32331,104.26418,111.785286,105.60767,0,0,0,0,0,0
134,284.3336,284.33563,240.60338,225.5898,223.06303,324.41965,345.63858,341.8644,285.61032,260.58304,220.82555,0,311.87134,333.13934,0,274.33032,294.29504,258.1278,306.85077,0,0,0,0,0,0
135,113.041466,155.62592,159.31856,204.2979,225.61478,154.3389,204.8285,178.05272,264.3595,264.3322,340.3426,0,264.37656,341.87653,0,104.31653,104.25742,111.76831,105.60182,0,0,0,0,0,0
136,284.31845,284.34763,240.60362,225.63591,223.09715,325.6252,345.62885,340.65387,285.60626,259.35968,220.08705,236.83412,311.86063,334.34756,0,274.32147,293.1272,258.12778,306.8653,0,0,0,0,0,0
137,113.03439,155.62323,159.323,200.58534,224.28883,154.33673,204.60423,179.31989,264.32483,263.11407,340.36185,415.87854,264.34457,340.8718,0,104.31068,104.24931,111.76556,105.58991,0,0,0,0,0,0
138,284.3063,284.3774,241.82854,226.82434,224.3121,325.6685,345.6441,336.89618,285.62408,259.3672,220.57867,234.32045,313.1069,335.61093,0,274.3103,293.12183,259.33694,306.88052,0,0,0,0,0,0
139,113.04012,156.83992,159.30635,198.06656,221.83482,155.58461,204.58827,184.29031,264.36346,264.3197,340.85748,417.88394,265.56882,340.62747,0,104.313995,104.26124,111.770325,105.600784,0,0,0,0,0,0
140,284.3143,284.39615,240.61507,225.62726,224.28145,328.11716,345.60403,338.14697,285.58594,258.1042,218.83461,231.83759,311.87958,335.59097,0,274.3227,293.13568,259.33603,306.89923,0,0,0,224.33371,0,0
141,113.04646,158.04662,159.33525,200.56601,223.06035,155.60521,204.55067,184.33487,265.62872,265.5838,340.87476,418.38724,266.86038,340.8755,0,104.31261,104.26669,111.76204,106.775085,0,0,0,346.8783,0,0
142,284.31723,284.39224,240.6146,225.62463,224.32114,326.92126,344.42648,340.619,284.36734,256.83444,218.3272,233.0893,309.39062,334.41003,0,274.3265,294.29254,259.33884,306.9061,0,0,0,0,0,0
143,113.0429,159.30237,159.32976,196.85555,215.6398,158.04135,204.54433,185.55992,266.85495,265.62683,340.87314,420.38898,268.1079,341.37567,0,104.31322,104.27414,111.76383,106.789734,0,0,0,0,0,0
144,284.3147,284.3644,239.36763,224.35568,224.33522,326.9111,344.39066,339.36322,284.33768,255.64233,225.5736,0,308.13934,334.40738,0,274.32446,294.2996,259.33997,306.91235,0,0,0,0,0,0
145,113.046646,160.5506,160.55768,204.3057,215.58891,159.31325,204.53069,188.07039,270.6124,269.3421,341.40097,0,273.08063,343.11844,0,104.31415,104.273605,111.762344,106.805885,0,0,0,0,0,0
146,284.318,284.3461,239.35944,223.07393,224.36342,326.89734,345.6229,336.86612,284.31992,255.60956,225.58035,0,309.35553,334.39218,0,274.31577,294.30667,259.3372,306.90182,0,0,0,0,0,0
147,113.0499,160.57378,160.5685,208.07579,218.09064,160.54291,204.35254,193.07362,271.87357,270.59845,341.39743,0,274.3269,343.12457,0,104.315544,104.27443,111.762085,106.827576,0,0,0,0,0,0
148,284.3096,284.35788,239.36417,224.33499,223.06601,326.90268,345.6748,336.88565,283.10825,255.59459,225.58517,0,306.90015,334.40744,0,274.31198,294.30325,259.339,306.90674,0,0,0,0,0,0
149,113.04393,161.79942,160.56667,203.0858,216.82986,161.81912,203.0637,195.55185,271.86594,269.37048,341.61426,0,273.1242,343.13644,0,104.31543,104.27124,111.764755,106.83045,0,0,0,0,0,0
150,284.2966,284.3585,239.36504,214.37286,224.33107,326.89075,345.62036,336.8825,283.08057,254.37617,225.60008,0,306.90112,334.42294,0,274.3083,294.30176,259.3369,306.8944,0,0,0,0,0,0
151,113.03241,161.7875,161.78381,203.08112,213.08067,161.79211,203.05948,196.82372,273.09195,270.61047,341.61884,0,274.33682,341.87286,0,104.307465,104.2746,111.77527,106.83777,0,0,0,0,0,0
152,284.3043,284.36835,240.59846,225.55086,224.3065,326.9037,345.6327,336.91312,284.3168,255.62428,224.31973,0,308.13083,334.42206,0,274.30814,294.31024,259.3418,306.89075,0,0,0,0,0,0
153,113.027954,161.77919,160.57762,200.55069,213.09035,161.78621,203.05122,195.58116,271.85153,269.33948,341.87695,0,274.31668,340.6184,0,104.3081,104.26826,111.78463,106.831,0,0,0,0,0,0
154,284.30734,284.35135,240.59453,213.09082,223.10217,325.64606,335.61368,338.15005,284.31995,255.5769,220.6084,0,309.3853,334.4024,0,274.3136,294.31784,259.35446,306.8964,0,0,0,0,0,0
155,113.02968,161.79298,161.78539,203.0965,215.59431,160.557,202.55122,185.6161,274.31918,271.84454,344.40503,0,274.37466,340.63654,0,104.30649,104.27494,111.783745,106.83282,0,0,0,0,0,0
156,284.30783,284.3476,240.61093,213.06754,223.06157,325.61337,335.59796,336.90958,284.3142,255.58351,219.34622,0,309.36942,334.40207,0,274.31406,294.31897,259.35645,306.891,0,0,0,0,0,0
157,113.0294,161.79169,161.78163,203.10786,211.85025,160.54887,202.05122,185.62204,273.0805,269.36646,343.1098,0,274.33408,340.6406,0,104.30525,104.274574,111.77735,106.82933,0,0,0,0,0,0
158,284.3153,284.31927,240.58528,213.0413,223.06276,324.41476,334.38876,335.69815,283.12448,255.56783,220.33199,0,309.3765,334.40604,0,274.3208,294.32504,259.36304,306.89075,0,0,0,0,0,0
159,113.03322,161.8104,161.78094,202.85962,210.5757,160.57475,201.55122,191.80214,271.84366,269.3444,342.37314,0,273.1032,339.369,0,104.3039,104.27921,111.7781,106.83308,0,0,0,0,0,0
160,284.3256,284.3345,241.83286,213.04993,221.8432,325.628,334.37918,335.63644,283.09097,254.37701,223.58447,0,308.12387,335.59952,0,274.32812,294.32718,259.36197,306.88446,0,0,0,0,0,0
161,113.02887,161.79915,160.56883,202.64958,205.60847,160.56859,201.05122,195.53226,271.85196,269.34238,340.33258,0,273.11493,339.3871,0,104.302414,104.27246,111.77763,106.83888,0,0,0,0,0,0
162,284.33615,284.3675,243.06096,213.041,221.84918,325.65234,334.36,335.63995,283.09344,254.36833,225.60246,0,308.12097,335.60782,0,274.33102,294.34836,259.36902,308.1261,0,0,0,0,0,0
163,113.02989,161.81718,160.5404,202.61485,203.03944,161.81732,200.55122,198.09036,273.10004,270.60596,340.6194,0,274.35007,343.11002,0,104.305405,104.28286,111.79184,108.04213,0,0,0,0,0,0
164,284.34064,284.36795,243.07224,213.03264,224.27338,325.6273,334.3704,336.8592,283.09897,255.57028,225.31671,0,308.12973,335.62198,0,274.33176,294.35547,259.36584,308.13068,0,0,0,0,0,0
165,113.035965,161.81279,159.29745,202.3697,199.33168,161.83397,200.05122,203.0874,271.84793,268.12247,341.09247,0,273.11856,340.1337,0,104.30986,104.28965,111.79837,108.04599,0,0,0,0,0,0
166,284.34625,284.40997,243.1008,210.59389,223.101,326.87018,334.39328,335.66202,284.35782,255.6405,225.59068,0,309.37625,335.58978,0,274.336,294.35782,260.57764,308.12823,0,0,0,0,0,0
167,113.05086,163.01491,159.31697,202.28616,195.6337,163.06763,199.61685,210.59732,271.8359,268.1087,342.11417,0,273.1105,340.3773,0,104.32157,104.29657,111.793686,108.02348,0,0,0,0,0,0
168,284.33588,284.4066,243.11555,209.3486,224.2712,326.87433,334.39944,335.6648,284.3342,255.62354,226.61034,0,309.3765,335.58987,0,274.32452,294.34796,259.377,308.12302,0,0,0,0,0,0
169,113.060814,163.03502,160.54274,202.0435,195.52997,163.0845,199.11685,214.31032,270.59192,268.09027,343.10666,0,273.0787,340.13293,0,104.32828,104.297226,111.798294,106.84291,0,0,0,0,0,0
170,284.33038,284.41287,244.31186,210.5753,224.2822,326.8579,334.39297,335.65204,284.33755,255.6424,225.57664,0,308.13858,334.40573,0,274.32248,294.3365,259.37506,308.11237,0,0,0,0,0,0
171,113.04416,161.8247,159.30981,202.32571,193.04309,163.06348,198.61685,213.04643,268.129,266.85974,344.40262,0,270.62018,340.64008,0,104.3235,104.2886,111.79929,106.83965,0,0,0,0,0,0
172,284.3304,285.56528,244.30428,209.32324,223.0682,328.10916,334.4266,335.67282,283.09344,255.5737,225.5748,0,306.89523,335.64725,0,274.31702,294.33337,259.3708,308.11755,0,0,0,0,0,0
173,113.03977,163.01447,158.09254,201.84976,189.3128,164.28465,197.61685,216.88283,268.12338,266.85416,344.40598,0,270.60638,340.61685,0,104.31502,104.277016,111.80758,108.035774,0,0,0,0,0,0
174,284.32474,284.4087,243.10898,209.34271,221.8435,326.91794,334.41788,335.6589,281.8602,254.36528,225.5786,0,306.87308,335.6745,0,274.31174,294.32278,260.5761,308.1063,0,0,0,0,0,0
175,113.03181,161.8074,156.85924,201.58586,185.61728,164.27835,198.01685,220.57599,266.85776,265.62714,344.40698,0,268.09393,340.11856,0,104.29956,104.262955,111.792915,106.8423,0,0,0,0,0,0
176,284.332,285.59998,244.32635,210.57147,219.34721,329.3573,335.65286,335.6777,284.31067,255.61227,226.57423,0,309.35345,333.11554,0,274.31952,294.32535,259.37558,308.1106,0,0,0,0,0,0
177,113.04052,161.81827,158.04153,201.31049,183.08798,164.29893,198.086,224.30312,266.8662,265.6182,345.6128,0,269.3546,340.61542,0,104.30777,104.26911,111.79723,106.832985,0,0,0,0,0,0
178,284.34372,285.60498,244.34325,209.31099,220.5903,329.38397,335.67947,335.66434,284.3172,255.61996,227.34953,0,308.14407,334.3669,0,274.3299,294.3312,259.37085,308.11273,0,0,0,0,0,0
179,113.03147,161.80907,158.04459,201.81775,183.02608,164.29337,199.34303,225.56848,268.09537,265.6498,345.59436,0,270.59946,340.62323,0,104.316246,104.26844,111.79316,106.82014,0,0,0,0,0,0
180,284.34076,285.6548,244.3771,210.55649,221.8107,329.3812,335.67526,335.64474,284.31555,255.59969,228.64128,0,309.36252,331.89108,0,274.31998,294.33084,260.57675,308.12546,0,0,0,0,0,0
181,113.05187,161.80981,156.85542,202.08179,181.83722,164.31046,199.3137,225.62566,268.1202,266.87695,346.13956,0,270.60147,341.58923,0,104.3229,104.28252,111.77422,106.80865,0,0,0,0,0,0
182,284.36435,285.6678,244.38857,211.80386,220.5672,330.607,335.66733,335.63223,283.09543,254.38867,225.62012,0,308.1164,333.14102,0,274.33954,294.34637,260.57898,308.12982,0,0,0,0,0,0
183,113.05957,161.82109,156.85107,203.61845,180.56755,164.33363,201.80548,226.82063,270.60742,268.117,346.87567,0,273.08414,341.14618,0,104.326294,104.27564,111.77425,106.809166,0,0,0,0,0,0
184,284.3921,286.84818,245.55705,213.06102,220.59523,330.63477,336.87405,335.64435,281.8553,254.35088,225.56131,0,306.87958,334.36447,0,274.35068,294.37268,260.57605,308.12637,0,0,0,0,0,0
185,113.06921,163.02557,156.84851,204.36731,180.55052,164.36682,203.0916,226.85086,271.8702,269.36166,344.41284,0,274.3301,341.13898,0,104.33133,104.27499,111.77882,106.803635,0,0,0,0,0,0
186,284.37564,286.8418,244.37958,214.2685,220.56554,331.87286,335.66898,335.60132,281.83987,254.36137,225.57973,0,305.65805,334.35602,0,274.34085,294.36603,260.57693,308.1256,0,0,0,0,0,0
187,113.05351,163.02394,156.84743,204.25995,178.10156,165.52917,203.09166,226.8686,270.61765,266.8873,344.40854,0,273.1189,341.115,0,104.321785,104.26158,111.7779,106.78753,0,0,0,0,0,0
188,284.35812,286.87317,244.38599,214.29233,219.3234,331.88934,335.6871,335.61768,283.12698,255.60173,225.57831,0,306.9012,334.35138,0,274.32892,294.35278,260.57822,308.13376,0,0,0,0,0,0
189,113.01336,161.8212,156.83249,201.81258,179.34319,165.51295,204.3624,226.86464,269.3494,266.85358,345.6329,0,273.07468,341.89032,0,104.30556,104.24264,111.78753,106.80037,0,0,0,0,0,0
190,284.35828,286.85742,244.35019,214.29936,220.56358,333.10236,335.68564,335.65118,283.07733,254.38113,225.59827,0,306.87885,333.12106,0,274.32645,294.34604,260.58505,308.1256,0,0,0,0,0,0
191,111.81286,163.01419,156.81165,201.05785,183.0887,165.5478,208.0897,226.86404,269.36685,266.8594,345.66525,0,273.1085,341.88272,0,104.29707,104.223366,111.78849,106.80482,0,0,0,0,0,0
192,284.36694,288.10892,245.57286,214.36833,218.06891,333.09625,335.66882,335.62082,284.31677,255.61108,225.56985,0,308.14413,334.3556,0,274.33447,294.3469,260.5903,308.1309,0,0,0,0,0,0
193,111.80953,161.81662,156.78955,200.63925,184.33101,165.5342,205.5685,224.29318,269.35062,266.84485,345.62836,0,273.08932,343.11523,0,104.29589,104.2257,111.805435,106.801704,0,0,0,0,0,0
194,284.37253,290.59818,246.8355,215.63004,215.62987,333.1168,335.66852,335.62518,285.57397,256.8821,220.59428,0,311.8481,333.12146,0,274.3479,294.34616,260.5929,308.13547,0,0,0,0,0,0
195,111.80963,161.81317,155.60146,200.5646,183.0622,165.55641,213.0707,226.83707,269.3648,266.85287,343.3582,0,273.09537,340.62784,0,104.29756,104.23145,111.81445,106.79335,0,0,0,0,0,0
196,284.39545,289.36493,246.84637,218.09923,219.33577,333.1002,336.92105,335.60782,284.40756,258.08673,222.08206,229.3394,310.61737,333.14386,0,274.37796,294.3567,260.59515,308.13913,0,0,0,224.32404,221.81345,236.8371
197,111.79684,161.79776,155.58786,200.55525,184.2995,165.53639,208.10094,225.59544,268.1117,265.60953,340.09747,420.6226,273.0778,343.11465,0,104.29766,104.22908,111.8099,106.786705,0,0,0,348.1335,353.12094,346.90222
198,284.40308,294.32803,255.59924,236.86807,226.84106,333.10712,339.36694,335.61505,285.5912,260.60416,223.33951,226.85646,309.36963,333.14523,0,274.38327,294.36664,260.6114,309.35236,0,0,0,224.36583,0,0
199,111.78403,160.56454,155.53383,200.79327,174.25484,164.3592,214.32806,226.84091,268.08978,265.5872,338.35703,422.8935,271.86737,341.88257,0,104.30096,104.22524,113.00228,106.78532,0,0,0,348.13776,0,0
200,284.4094,293.119,254.37572,236.82974,226.86195,333.09238,338.12265,335.5889,285.56815,259.33264,224.56665,228.10487,309.3873,334.37958,0,274.38507,294.37543,260.58875,308.15015,0,0,0,224.35828,220.58766,0
201,111.78093,160.5733,155.55563,201.04778,175.52037,164.36528,213.58594,230.58867,269.36542,265.64032,337.10275,422.3933,273.1258,341.88138,0,104.2882,103.06504,111.810616,106.786385,0,0,0,349.3924,353.10132,0
202,284.4057,293.12158,254.34404,236.81995,226.81544,333.107,336.891,335.60672,284.39108,258.09714,224.31209,234.31717,309.3758,334.35535,0,274.38498,294.36963,260.5939,308.15146,0,0,0,0,0,244.33435
203,110.56682,161.8256,155.57233,201.56415,176.81985,165.57483,213.62044,235.55006,270.59253,265.63766,336.33496,421.61545,274.33875,339.38654,0,104.28147,103.0374,112.99957,106.78252,0,0,0,0,0,345.66208
204,284.4106,293.12967,254.32024,236.8377,225.5894,333.1067,336.91656,334.42294,284.36267,258.0833,225.31808,233.07993,308.12,333.1104,0,274.3837,294.37268,260.58774,308.15213,0,0,0,225.5886,224.29517,243.08583
205,111.767235,163.01225,155.57407,202.2692,180.59172,165.5717,213.65134,234.29552,270.59024,265.63947,335.34485,420.62866,274.3372,340.63132,0,104.279854,103.03106,112.99802,106.77943,0,0,0,353.11185,354.34976,346.8803
206,284.4086,293.0853,253.06183,235.64304,225.54509,333.09872,336.90717,334.40063,284.40436,258.09576,226.3081,234.32195,309.3812,333.13184,0,274.38394,294.37488,260.58997,308.15482,0,0,0,0,0,244.32307
207,110.56084,163.03275,155.59581,202.33296,183.08801,165.58325,214.89383,228.0855,271.8689,266.8926,336.33304,420.63657,274.3763,343.11636,0,104.27388,103.028534,112.996735,106.78459,0,0,0,0,0,346.87753
208,284.39636,290.6222,246.88005,234.34471,223.08765,333.1018,336.88678,334.35083,285.5633,258.10382,226.30466,233.08908,309.3918,334.3856,0,274.36407,294.36703,259.36942,308.15427,0,0,0,225.61002,224.29353,243.08357
209,110.55793,163.03706,156.79822,202.55615,191.79524,165.56721,213.85593,223.05598,273.09418,268.1168,337.32812,420.38327,275.57114,344.34943,0,104.271454,103.02995,113.000984,106.7862,0,0,0,350.62845,354.3409,345.65442
210,284.3843,290.61774,246.88474,234.366,223.10542,333.09143,336.86896,335.59772,284.37952,258.0839,225.07237,234.32425,309.3515,334.4155,0,274.35165,294.359,259.3717,308.1445,0,0,0,225.56085,224.28374,244.32384
211,111.76815,163.0163,155.60915,202.31267,194.28517,165.56737,213.8649,213.1018,271.84277,266.8575,337.32602,420.37317,274.36658,343.1302,0,104.276596,103.04514,113.00143,106.79459,0,0,0,350.63333,353.13144,345.6549
212,284.37393,289.35974,245.60439,229.34456,220.58118,333.09546,336.8998,335.63345,284.37308,256.863,225.8036,235.62082,308.14307,334.41888,0,274.34656,294.34988,259.3753,308.13098,0,0,0,228.10641,0,246.84401
213,111.79334,163.01486,156.79713,202.57993,200.58162,165.54033,213.84521,208.06314,271.8641,266.87146,337.3239,419.88696,274.3791,343.1416,0,104.29192,104.22168,113.01342,106.79322,0,0,0,351.88193,0,345.636
214,284.37274,288.1136,245.56404,228.11264,221.83858,331.89612,339.383,334.39258,284.37814,256.86246,223.0438,236.84045,309.36072,335.60284,0,274.34543,294.3425,259.3569,308.1273,0,0,0,245.61006,0,246.85474
215,111.811874,163.0212,156.81976,202.07263,201.80807,165.53218,213.60371,205.62535,271.87354,266.87244,337.32162,419.37994,274.3871,344.35275,0,104.30958,104.23384,113.00078,106.79524,0,0,0,350.63083,0,346.87817
216,284.35748,288.09268,245.55605,228.08214,220.57497,331.8732,340.64746,335.61005,285.56323,258.1054,224.06743,236.86798,309.37778,334.4215,0,274.34085,294.32047,259.36038,308.10916,0,0,0,0,0,248.09306
217,111.803986,163.0175,156.828,202.58269,205.61534,165.53342,212.58875,204.28717,271.83832,266.85895,337.33377,419.62994,274.35928,344.3492,0,104.30645,104.23259,111.81452,106.795685,0,0,0,0,0,346.90445
218,284.3713,286.8939,244.3877,226.82039,218.07173,331.88132,341.90527,335.5948,284.3892,256.8833,224.33661,235.61072,309.36682,335.60217,0,274.3468,294.3326,259.3614,308.10394,0,0,0,0,0,246.83197
219,111.80719,161.83183,156.83995,202.55943,211.8148,165.5222,212.38486,201.79799,270.62024,266.85104,338.3154,419.38608,274.34805,343.12854,0,104.31125,104.23145,111.813354,106.80872,0,0,0,0,0,346.89246
220,284.37216,285.66208,244.3353,225.57468,218.07587,330.62323,343.1156,335.6378,285.56235,258.11023,224.31505,236.83823,310.60434,335.60333,0,274.34457,294.34424,259.3569,308.1066,0,0,0,0,0,246.85628
221,113.00926,163.0202,156.86072,202.35573,214.32408,164.35832,211.32079,200.84982,270.6204,266.85278,338.112,419.3938,274.34158,340.6297,0,104.32198,104.244064,111.81506,106.8108,0,0,0,0,0,346.89853
222,284.33685,285.63055,244.33339,224.38432,216.86435,329.38632,343.1337,335.69617,285.57175,259.35736,225.31853,234.32176,310.60526,335.5951,0,274.31985,294.31924,259.34958,306.91046,0,0,0,0,0,0
223,113.01405,161.8179,156.85808,202.57135,218.07872,164.30074,210.10538,201.53307,271.8525,266.88174,338.0874,419.3772,274.3567,341.8856,0,104.32169,104.24946,111.81395,106.81415,0,0,0,0,0,0
224,284.3212,285.61713,244.33284,224.34555,216.86697,328.14868,344.32825,335.6961,285.5998,260.58865,225.33391,231.84279,311.8489,334.38226,0,274.3141,294.30472,259.34067,306.92062,0,0,0,225.59901,224.29996,0
225,113.00857,160.57751,156.85963,202.84201,221.846,163.05887,206.04448,202.30586,270.60715,266.87448,338.08203,419.12387,274.3142,341.87906,0,104.31902,104.25156,112.9962,106.8152,0,0,0,345.64908,353.0914,0
226,284.33334,285.5776,244.30861,224.37222,218.07736,326.9206,344.37878,336.91602,285.58447,259.36108,225.08615,224.34404,310.6195,334.37524,0,274.31607,294.3247,258.13443,308.10452,0,0,0,225.54327,0,0
227,113.02102,159.30904,158.05101,202.81259,219.3355,159.32945,204.50484,202.79916,268.09485,265.61313,338.3707,419.37332,271.8429,343.10455,0,104.32325,104.27435,113.00182,106.82626,0,0,0,348.14642,0,0
228,284.3496,284.41583,244.28912,224.30917,216.86226,326.89426,344.41122,338.13336,285.5776,259.36057,226.31927,225.57092,310.6045,334.3704,0,274.33643,294.33777,258.1239,308.10925,0,0,0,225.54301,0,0
229,113.04107,158.04984,158.0639,203.32079,221.84714,156.82814,203.6023,202.5258,266.86093,265.5939,338.60635,419.6434,269.36417,338.1345,0,104.325066,104.29234,113.000435,106.83625,0,0,0,348.14865,0,0
230,284.35498,285.56985,244.29037,223.08647,215.63722,328.1085,345.599,336.93066,285.58646,259.3398,226.0573,229.34299,311.84683,334.40787,0,274.33978,294.34555,258.12302,308.1142,0,0,0,225.56503,0,0
231,113.04242,156.83145,158.05447,203.59818,224.35411,155.59926,202.39357,202.85722,266.85635,265.58203,338.36703,419.1283,270.59268,339.87833,0,104.32628,104.28794,113.01435,106.825294,0,0,0,349.3751,0,0
232,284.35477,285.57098,243.11736,219.32408,215.63477,326.90005,345.647,336.9169,285.6192,260.58603,226.08823,228.09045,311.877,334.398,0,274.33234,294.35675,259.3375,308.11386,0,0,0,225.56346,0,0
233,113.057655,155.60736,158.04591,205.54666,225.60994,154.34756,202.08456,202.53883,266.85376,265.58102,338.87524,419.39163,269.36987,339.8818,0,104.33478,104.294044,113.00019,106.813286,0,0,0,349.394,0,0
234,284.3527,284.4036,243.06892,218.08794,215.6038,326.8881,345.62717,338.12473,285.61853,261.83728,224.06639,234.33337,310.64105,334.4095,0,274.33514,294.35565,259.34955,308.12366,0,0,0,0,0,245.57341
235,113.06548,155.61693,158.07309,205.58766,225.60735,154.3422,201.56407,202.30292,266.8375,264.3888,338.8116,419.618,269.35812,338.87256,0,104.33929,104.307175,113.00773,106.82428,0,0,0,0,0,346.88217
236,284.35767,284.40573,243.05667,218.11746,215.6128,326.90817,345.64975,339.3694,285.64603,261.84473,223.07857,235.56198,313.09708,335.6004,0,274.33682,294.35883,259.3393,308.1526,0,0,0,0,0,245.61833
237,113.05833,155.59277,158.05605,205.5685,225.63823,154.30647,201.84317,202.09395,265.6358,264.3665,338.87976,419.38055,268.10757,337.12033,0,104.33885,104.29019,113.028366,106.82166,0,0,0,0,0,345.66806
238,284.34464,284.38446,241.85599,219.33205,215.64214,326.86853,345.66394,339.37186,284.39368,256.86337,220.82428,233.07849,311.85208,335.62897,0,274.32935,294.3448,259.33737,308.14642,0,0,0,225.61502,223.09155,244.32622
239,113.04229,155.62317,158.06241,204.86816,226.84012,154.35384,201.59581,202.07907,265.62326,264.3875,339.1115,419.3884,266.87805,336.8821,0,104.3378,104.29472,113.02091,106.82307,0,0,0,351.87598,354.3399,345.6605
240,284.35452,284.38882,241.84387,216.8829,218.08311,326.87967,345.67368,338.16116,284.39282,256.8783,221.5933,226.86824,310.63123,333.13507,0,274.34283,294.34335,259.37473,308.1282,0,0,0,225.56903,0,0
241,113.029144,155.61343,158.08836,203.81412,226.88419,154.32419,201.31221,202.05043,265.58673,264.33694,339.11688,419.62137,266.83795,336.38348,0,104.34148,104.28997,113.02913,106.83719,0,0,0,350.61703,0,0
242,284.34628,284.36743,241.82155,218.32535,219.34026,325.67484,345.6874,338.12033,284.361,256.84506,220.57059,226.85367,310.6175,333.14383,0,274.33545,294.3415,259.3683,308.1236,0,0,0,224.32587,0,0
243,113.02407,156.79868,159.31721,202.56862,226.87958,154.3596,201.82709,202.03758,265.5846,264.3266,339.3531,419.63443,266.83954,337.37598,0,104.33753,104.28821,113.01982,106.842354,0,0,0,349.38614,0,0
244,284.3393,284.34616,240.61423,218.60522,216.84714,325.65564,345.68918,336.92462,284.3588,256.86078,220.8295,233.09932,309.37317,338.15628,0,274.33026,294.3407,259.3577,308.12442,0,0,0,0,0,0
245,113.03276,155.60641,159.2922,201.34389,224.37129,154.32721,201.9227,201.83902,265.60114,264.34824,339.1158,419.12515,266.84644,338.8766,0,104.339745,104.30025,113.004295,106.83914,0,0,0,0,0,0
246,284.33344,284.3578,241.8168,218.58977,220.59305,325.6786,345.69888,336.8608,284.35364,256.84827,220.08337,234.3199,308.13727,333.13504,0,274.3282,294.33777,259.35382,308.12534,0,0,0,0,0,0
247,113.03536,156.81055,159.30896,201.34244,224.36104,155.5254,201.87524,202.30782,265.61383,264.38358,339.10742,419.376,266.8433,338.86005,0,104.33128,104.29819,112.99376,106.82326,0,0,0,0,0,0
248,284.3205,284.36942,240.60979,218.0716,223.04564,326.8734,346.88638,338.13055,284.38638,258.09766,221.8187,236.853,309.36008,334.34488,0,274.3166,294.33182,259.34918,308.11395,0,0,0,0,0,0
249,113.04494,158.0418,159.33134,200.08159,221.8145,155.59236,201.8541,202.33104,265.6339,264.39157,339.3181,419.3803,266.87625,336.87604,0,104.328476,104.3053,111.80891,106.83582,0,0,0,0,0,0
250,284.2914,284.3565,240.58069,218.83858,221.83307,326.8838,346.8787,339.37442,283.12228,255.61505,221.06429,234.31456,306.9025,334.35333,0,273.12744,294.30957,259.3514,306.9165,0,0,0,0,0,243.08813
251,113.0693,159.33035,160.54498,199.30748,216.8665,156.85641,201.83713,202.59183,266.8429,265.58438,339.0982,419.38434,268.11133,336.87976,0,104.33081,104.30195,111.794914,106.80845,0,0,0,0,0,345.64816
252,283.1041,284.36832,240.58183,218.57144,219.34023,328.13898,345.7024,336.9231,283.10672,255.6095,220.32884,229.34616,306.88763,333.1319,0,273.11105,294.3019,259.33243,306.91086,0,0,0,224.35236,0,0
253,113.05855,160.58234,160.56192,198.58244,220.58827,160.54312,201.53702,202.08444,266.83734,265.57147,338.7906,419.13312,268.11734,339.369,0,104.32206,104.30568,111.78428,106.843765,0,0,0,348.12378,0,0
254,281.8727,284.33057,239.34583,218.35635,221.83224,325.66122,345.7044,338.11227,283.07175,254.35493,220.07172,0,306.89752,334.35953,0,273.08524,293.09222,258.1336,306.892,0,0,0,348.12378,0,0
255,113.035034,163.04443,161.78052,198.57347,216.85378,163.07954,201.82909,202.53453,270.60068,268.10605,338.59705,0,273.07977,339.36914,0,104.31249,104.296455,111.800095,108.02978,0,0,0,224.35236,0,0
256,281.8591,284.36453,239.35857,218.35736,223.05083,326.89355,345.6192,338.1249,283.11148,255.61075,220.81851,0,306.87732,333.13052,0,273.07104,293.0805,258.13312,306.8976,0,0,0,0,0,0
257,113.00987,163.05882,161.7909,198.81757,218.08177,164.2859,201.55097,202.60712,270.60944,266.88904,338.3287,0,273.10605,344.37335,0,104.29301,104.27937,111.81308,108.046745,0,0,0,0,0,0
258,281.86172,284.3506,239.34686,218.60196,223.09744,326.87134,345.5914,336.86978,281.87274,254.36194,220.57176,0,306.8658,333.13742,0,273.0691,293.07504,258.1354,306.87982,0,0,0,0,0,0
259,113.01528,163.04967,160.58276,198.82571,215.55585,164.27754,202.36375,202.59221,273.1024,270.59787,338.1169,0,274.3573,344.39584,0,104.29876,104.27446,112.993614,108.04945,0,0,0,0,0,0
260,281.86264,284.35126,239.36763,218.58963,223.07553,326.88968,344.3966,336.8657,281.8442,254.31467,220.81758,0,306.8848,334.35214,0,273.07208,293.07663,258.12952,306.88443,0,0,0,0,0,0
261,113.03138,163.0474,160.57506,198.8363,215.63765,164.28325,202.21803,204.34123,273.09354,269.35904,338.12747,0,274.34457,344.36514,0,104.30175,104.27783,111.799576,108.05648,0,0,0,0,0,0
262,281.8565,284.36093,240.60458,218.8261,223.0743,326.87247,335.63455,335.67953,280.62817,253.10075,221.10815,0,306.88818,334.37637,0,273.06744,293.06833,259.33078,306.8853,0,0,0,0,0,0
263,113.02191,163.06381,160.58066,198.6019,215.57417,164.2791,202.91803,204.5635,274.3486,271.84543,338.62488,0,275.58746,343.13626,0,104.30129,104.27707,111.807465,108.06418,0,0,0,0,0,0
264,281.84482,284.32385,240.59868,218.84222,223.06958,325.62228,334.37744,335.6745,281.84238,254.30266,221.10648,0,308.11487,334.39273,0,273.06317,291.8817,259.34134,306.87714,0,0,0,0,0,0
265,113.00489,163.04196,161.79094,198.81079,211.84634,163.03906,202.71803,204.05197,273.1087,270.61154,338.6337,0,274.34256,341.8802,0,104.29334,104.26602,111.80016,108.05071,0,0,0,0,0,0
266,281.8449,284.33374,241.82697,218.82936,220.57295,325.63562,334.38226,335.6678,283.1065,254.35634,221.30788,0,309.3571,334.3615,0,273.0588,291.87674,258.13242,306.87213,0,0,0,0,0,0
267,113.01266,163.0444,161.78928,198.80904,205.61006,163.03947,202.6183,204.30331,271.87088,269.3657,338.61853,0,273.11703,341.87982,0,104.29533,104.27353,111.805176,108.0454,0,0,0,0,0,0
268,281.82913,284.36786,241.85825,218.586,221.85448,325.6702,334.38638,335.63776,284.33902,255.57117,220.83952,0,310.62274,331.88028,0,273.05652,291.8581,259.33765,306.86047,0,0,0,0,0,0
269,113.01779,163.04895,160.57515,198.3227,203.09581,163.07039,202.53107,203.82133,274.3235,271.85745,339.34814,0,274.35547,343.12207,0,104.297615,104.27938,111.799286,108.07584,0,0,0,0,0,0
270,280.62732,284.35522,241.85509,218.32869,220.60654,325.6574,334.3882,335.64618,283.08353,255.58664,222.82887,0,306.89365,334.3631,0,271.86826,291.85367,258.13138,306.85678,0,0,0,0,0,0
271,113.02821,163.06711,161.79361,197.87595,200.58437,163.06609,202.4455,203.82475,271.8381,268.11902,339.08728,0,273.09857,341.87814,0,104.30322,104.28515,111.80517,108.07545,0,0,0,0,0,0
272,280.63098,284.3613,241.84506,218.0696,223.08966,326.88162,334.37308,335.65884,284.32693,255.5999,220.07344,0,309.37277,333.1546,0,271.86664,291.85693,258.1335,306.8634,0,0,0,0,0,0
273,113.027374,164.24568,161.81195,197.60107,196.85146,164.27098,202.31406,205.53485,271.85117,269.34943,339.3525,0,273.10065,341.6351,0,104.304695,104.280426,111.80893,108.06834,0,0,0,0,0,0
274,281.8263,284.36465,241.8398,218.8622,223.09897,326.8916,334.36008,335.6739,284.3339,255.61125,220.31804,0,309.37814,334.36276,0,271.86774,291.8649,259.33817,306.86728,0,0,0,0,0,0
275,113.0307,163.08456,161.81111,197.53532,195.61533,164.27806,202.22677,208.10666,270.60593,268.1189,339.1163,0,271.8578,340.84915,0,104.30613,104.283554,111.812645,109.271835,0,0,0,0,0,0
276,280.6216,284.37708,241.84679,218.81842,223.09319,326.91504,334.37988,335.6651,284.34192,255.62723,220.58348,0,310.60764,333.16483,0,271.8631,291.8606,259.34366,306.8623,0,0,0,0,0,0
277,113.022545,163.08081,161.78403,197.31215,194.29906,164.30342,202.0613,213.0999,266.8778,266.84735,339.6169,0,268.1096,340.66528,0,104.304634,104.27918,111.807335,109.27222,0,0,0,0,0,0
278,280.62802,284.39807,243.08829,218.64008,221.85327,328.12088,334.42432,336.86313,283.06934,254.38463,221.84283,0,306.88815,333.1298,0,271.86362,291.86575,259.34772,306.87137,0,0,0,0,0,0
279,113.040115,163.04747,159.32942,197.83974,190.58452,164.30408,201.89746,216.82506,268.09247,266.86026,339.88342,0,269.34097,340.85,0,104.303314,104.28319,113.00185,108.07415,0,0,0,0,0,0
280,280.6264,284.40335,243.07735,218.64682,219.31612,328.1461,335.62595,336.88464,281.83728,254.35063,221.83067,0,306.8505,334.4088,0,271.85776,291.86545,259.33517,306.86926,0,0,0,0,0,0
281,113.03332,161.82745,158.05315,197.33444,188.05267,164.29913,201.66285,220.56288,266.8843,265.63654,339.65256,0,269.34488,340.62073,0,104.29181,104.27886,112.99429,108.07562,0,0,0,0,0,0
282,280.62698,285.56824,243.09923,218.81061,219.3495,328.14136,335.67584,336.88626,284.30966,255.59879,220.83685,0,309.3551,334.3575,338.1206,271.87305,291.87424,259.33078,306.884,0,0,0,0,0,0
283,113.02848,163.06743,160.57683,196.83498,185.52171,164.31026,202.42243,224.33125,268.11215,268.0917,338.6532,0,269.35635,340.87943,427.13312,104.2809,104.27313,111.794334,108.076706,0,0,0,0,0,0
284,281.83905,285.58032,244.299,218.84721,218.11203,329.37778,336.89313,336.86832,283.1266,255.5912,215.58525,0,308.1172,333.1364,0,271.8754,293.0643,258.12265,306.8816,0,0,0,0,0,0
285,113.03812,163.0655,160.5596,196.54906,184.3343,164.32103,202.10824,225.5399,266.8874,266.85406,338.88815,0,268.1256,340.84415,0,104.27903,104.26802,111.80045,109.28325,0,0,0,0,0,0
286,281.87558,285.65308,244.37495,218.85944,218.10406,330.6282,338.11792,336.9114,284.31555,255.60738,214.34314,0,308.12112,333.1197,0,273.0739,293.09842,259.32925,306.91483,0,0,0,0,0,0
287,113.041336,163.05707,159.29625,196.32225,183.05563,164.35574,202.57893,225.61366,266.85403,265.61075,338.6229,0,268.11133,340.63165,0,104.28379,104.27105,111.80858,108.06768,0,0,0,0,0,0
288,283.10254,286.86615,245.5491,218.87344,218.0874,333.09418,338.12216,336.86865,283.12683,255.58707,225.64684,0,308.10876,333.1216,0,273.10135,294.2969,259.3692,308.11246,0,0,0,0,0,0
289,113.053246,163.06879,158.09013,196.03893,183.06534,165.56017,203.19166,226.87086,266.87524,265.60602,338.39212,0,269.3668,340.12494,0,104.304955,104.279495,113.01121,109.27841,0,0,0,0,0,0
290,284.29346,286.90912,245.58322,218.31682,219.31683,333.1018,338.16376,338.11517,283.08783,255.56744,226.82472,0,306.88834,334.36194,0,273.1248,294.31613,260.6028,308.15506,0,0,0,0,0,0
291,113.047035,163.07184,158.0659,195.8713,183.02556,165.59178,203.60843,229.34157,266.86853,265.5919,336.38998,0,269.372,340.3851,0,104.30332,104.28147,112.99653,108.04842,0,0,0,0,0,0
292,284.32288,286.89883,245.56532,218.83653,219.33098,333.10767,339.38318,336.92087,284.34113,255.61842,224.34349,0,309.3739,333.40958,0,274.31134,294.3476,260.6201,309.36295,0,0,0,0,0,0
293,113.06529,163.05225,158.04994,195.61278,181.80188,165.56815,203.35129,226.82523,269.34106,266.8538,340.87784,0,271.8481,339.6334,0,104.328316,104.296135,111.799095,106.83178,0,0,0,0,0,0
294,284.3422,286.8609,244.32463,218.26698,219.31433,333.151,338.1442,336.87277,283.12085,255.58911,226.84686,0,308.1286,333.11258,0,274.33398,294.37332,260.60556,309.365,0,0,0,0,0,0
295,114.23471,163.06776,156.84608,196.36575,184.25266,165.59375,203.05595,229.33072,270.61868,266.88345,345.63467,0,274.3241,340.6274,0,104.335495,104.304634,111.807526,108.03635,0,0,0,0,0,0
296,284.35428,289.34476,244.38976,218.30257,220.5843,334.35226,338.11267,336.88983,284.33,255.60324,226.82762,0,309.38022,333.10223,0,274.33826,294.364,260.62213,309.3815,0,0,0,0,0,0
297,113.03728,163.08537,156.85541,196.3406,185.56326,165.61613,203.09372,228.112,269.37524,266.85165,345.6364,443.13312,273.11047,340.62442,0,104.32164,104.27811,113.00036,108.02233,0,0,0,0,0,0
298,284.37045,289.3724,245.57553,218.38206,218.11427,334.3328,336.8697,335.673,284.31985,255.60542,224.3113,229.34616,309.37198,333.12442,0,274.34305,294.37357,261.8333,309.3978,0,0,0,0,0,0
299,113.02522,164.24574,156.83092,196.06732,186.84186,166.79298,203.56369,230.60718,270.59943,266.85696,345.61334,443.13312,274.31918,339.38333,0,104.31544,104.26189,113.0122,108.02708,0,0,0,0,0,0
